1 1
2 2
3 5
4 16
5 60
6 360
7 2520
8 19152
9 151200
10 1360800
11 13305600
12 159667200
13 1997835840
14 25427001600
15 359610451200
16 5304897438976
17 85957795123200
18 1440534083788800
19 25342729251840000
20 493338462769152000
21 9729848120952960000
22 200057757401069568000
23 4308669456480829440000
24 103408066955539906560000
25 2585201673888497664000000
26 67215243521100939264000000
27 1814811575069725360128000000
28 50814724101952310083584000000
29 1473626998956616992423936000000
30 44208809968698509772718080000000
31 1342737343727863190275424256000000
32 41606330889460209874905622118400000
33 1318003567141089914498297364480000000
34 43464828747497276291454961975296000000
35 1463862628571370531702775606149120000000
36 51284138467889714474122209044199031544136
37 1835167078830179339508797277544120320000000
38 67760566137964700118176177759761465344000000
39 2549735260149680419830035217487862169600000000
40 101989410405987216793201408699514486784000000000
