2 4
3 17
4 88
5 540
6 3960
7 32760
8 301392
9 3054240
10 34020000
11 412473600
12 5428684800
13 76722085440
14 1158744787200
15 18667051603200
16 319146745758976
17 5776956644659200
18 110280887081164800
19 2214954536610816000
20 46718476618125312000
21 1031548691555141760000
22 23804073040730830848000
23 573053037711950315520000
24 14373721306820047011840000
25 374854242713832161280000000
26 10149501771686241828864000000
27 284925417285946881540096000000
28 8282800028618226543624192000000
29 249042962823668271719645184000000
30 7736541744522239210225664000000000
31 248027896969065547722042310656000000
32 8198662275833959645058663999078400000
33 279184167369121457771080518205440000000
34 9786147197054433924262869080211456000000
35 352790893485700298140368921081937920000000
36 13071050576114432325854102894323431031544136
37 497330278362978601006884062214456606720000000
38 19419597412402205835238443469462510239744000000
39 777669254345652528048160741333797961728000000000
40 31922685457073998856272040922948034363392000000000
