1 1
2 2
3 5
4 7
5 11
6 23
7 29
8 39
9 59
10 119
11 143
12 179
13 239
14 359
15 719
16 839
17 1007
18 1259
19 1679
20 2519
21 5039
22 5759
23 6719
24 8063
25 10079
26 13439
27 20159
28 40319
29 45359
30 51839
31 60479
32 72575
33 90719
34 120959
35 181439
36 362879
37 403199
38 453599
39 518399
40 604799
41 725759
42 907199
43 1209599
44 1814399
45 3628799
46 3991679
47 4435199
48 4989599
49 5702399
50 6652799
51 7983359
52 9979199
53 13305599
54 19958399
55 39916799
56 43545599
57 47900159
58 53222399
59 59875199
60 68428799
61 79833599
62 95800319
63 119750399
64 159667199
65 239500799
66 479001599
67 518918399
68 566092799
69 622702079
70 691891199
71 778377599
72 889574399
73 1037836799
74 1245404159
75 1556755199
76 2075673599
77 3113510399
78 6227020799
