3 1
4 8
5 60
6 360
7 2520
8 21168
9 211680
10 2268000
11 26611200
12 319334400
13 4229184960
14 61751289600
15 948063916800
16 15617892449024
17 269729632972800
18 4961839621939200
19 96302371156992000
20 1939563545407488000
21 41361094050756480000
22 923942970376538112000
23 21543347282404147200000
24 517040334777699532800000
25 12926008369442488320000000
26 336076217605504696320000000
27 9074057875348626800640000000
28 254073620509761550417920000000
29 7368134994783084962119680000000
30 221044049843492548863590400000000
31 6880101310450059627450138624000000
32 221524506044233320292312390041600000
33 7365314051670796581019897036800000000
34 251767970292106864556163647668224000000
35 8869285337814774397963875731374080000000
36 320709188322011502993877239106636168455864
37 11928586012396165706807182304036782080000000
38 455262051328636411641831046340312825856000000
39 17848146821047762938810246522415035187200000000
40 713925872841910517552409860896601407488000000000
