1 1
2 4
3 23
4 6541
5 477149751
6 26594371862819905
7 2459443656914751799341550307
8 704493743642841887982266957869120341803011
9 1038937998037120725999400773289378882897395371144700639316071
10 12946007675138128371074564381961027830865454921458518183483534059875949475168662986
11 1963346530768190037326946527018169977696281330279814899568718916791763028943119611488539224095498839027123617
12 5266327235081866665197402110927533978072420738100519925469161303035466026892914121262643398369168470927109677072137664076546804607538671576
